MASK_POSITION = (822, 1068, 0, 1108)
CENTER_FINDER_POSITION = (938.8452499773549, 994.5168908942679)
CENTER_FINDER_RADIUS = 367.5707673418535
