MASK_POSITION = (822, 1085, 0, 1086)
CENTER_FINDER_POSITION = (938.8452499773547, 994.5168908942684)
CENTER_FINDER_RADIUS = 249.1756434986074
