MASK_POSITION = (992, 1255, 1, 874)
CENTER_FINDER_POSITION = (1133.3480815745975, 724.110515259077)
CENTER_FINDER_RADIUS = 249.1756434986074
