MASK_POSITION = (812, 1072, 0, 1119)
CENTER_FINDER_POSITION = (938.7283381393561, 994.756100637075)
CENTER_FINDER_RADIUS = 367.5707673418535
