MASK_POSITION = (1092, 1369, 0, 955)
CENTER_FINDER_POSITION = (1213.6081416038544, 804.8492760078728)
CENTER_FINDER_RADIUS = 367.5707673418535
