MASK_POSITION = (1009, 1286, 0, 1082)
CENTER_FINDER_POSITION = (1100.1500017577268, 931.9701504080014)
CENTER_FINDER_RADIUS = 367.5707673418535
