MASK_POSITION = (964, 1238, 0, 988)
CENTER_FINDER_POSITION = (1097.8722334495612, 869.5614925717257)
CENTER_FINDER_RADIUS = 249.1756434986074
