MASK_POSITION = (990, 1264, 0, 891)
CENTER_FINDER_POSITION = (1132.720905449226, 726.2693665298365)
CENTER_FINDER_RADIUS = 249.1756434986074
