MASK_POSITION = (968, 1245, 0, 994)
CENTER_FINDER_POSITION = (1111.8365374107618, 838.4778651837224)
CENTER_FINDER_RADIUS = 367.5707673418535
